DE	Sox_at_Brn2_iA_diff-ebox
0	0.510417	0.222222	0.236111	0.031250	N
1	1.000000	0.000000	0.000000	0.000000	A
2	0.000000	0.940972	0.000000	0.059028	C
3	1.000000	0.000000	0.000000	0.000000	A
4	1.000000	0.000000	0.000000	0.000000	A
5	0.555556	0.010417	0.000000	0.434028	W
6	0.315972	0.000000	0.684028	0.000000	G
7	0.194444	0.222222	0.583333	0.000000	S
XX
DE	Brn2_at_iA_diff-ebox
0	1.000000	0.000000	0.000000	0.000000	A
1	0.000000	0.000000	0.000000	1.000000	T
2	0.000000	0.000000	0.000000	1.000000	T
3	0.388430	0.000000	0.000000	0.611570	T
4	0.090909	0.231405	0.570248	0.107438	S
5	0.256198	0.694215	0.000000	0.049587	C
6	1.000000	0.000000	0.000000	0.000000	A
7	0.000000	0.000000	0.000000	1.000000	T
XX
DE	Brn2_at_iN_diff-ebox
0	0.428571	0.297619	0.154762	0.119048	N
1	0.559524	0.250000	0.071429	0.119048	M
2	0.202381	0.095238	0.023810	0.678571	T
3	0.154762	0.083333	0.250000	0.511905	N
4	0.464286	0.238095	0.202381	0.095238	N
5	0.738095	0.071429	0.059524	0.130952	A
6	0.321429	0.000000	0.000000	0.678571	T
7	0.095238	0.000000	0.000000	0.904762	T
8	1.000000	0.000000	0.000000	0.000000	A
9	0.000000	0.000000	0.000000	1.000000	T
10	0.000000	0.000000	0.369048	0.630952	T
11	0.047619	0.702381	0.107143	0.142857	C
12	1.000000	0.000000	0.000000	0.000000	A
13	0.202381	0.035714	0.083333	0.678571	T
14	0.178571	0.059524	0.500000	0.261905	N
XX
DE	Ebf2_at_iA_diff-ebox
0	0.024510	0.352941	0.029412	0.593137	Y
1	0.000000	1.000000	0.000000	0.000000	C
2	0.058824	0.617647	0.000000	0.323529	C
3	0.024510	0.887255	0.000000	0.088235	C
4	0.098039	0.686275	0.049020	0.166667	C
5	0.583333	0.034314	0.009804	0.372549	W
6	0.000000	0.014706	0.985294	0.000000	G
7	0.181373	0.029412	0.764706	0.024510	G
8	0.000000	0.000000	1.000000	0.000000	G
9	0.583333	0.098039	0.156863	0.161765	N
10	0.137255	0.387255	0.294118	0.181373	N
XX
DE	Ebf2_at_iN_diff-ebox
0	0.049528	0.290094	0.337264	0.323113	N
1	0.181604	0.327830	0.056604	0.433962	N
2	0.000000	1.000000	0.000000	0.000000	C
3	0.148585	0.422170	0.000000	0.429245	Y
4	0.068396	0.662736	0.016509	0.252358	C
5	0.285377	0.235849	0.073113	0.405660	N
6	0.261792	0.018868	0.429245	0.290094	N
7	0.000000	0.000000	1.000000	0.000000	G
8	0.216981	0.000000	0.783019	0.000000	G
9	0.000000	0.000000	1.000000	0.000000	G
10	0.816038	0.101415	0.000000	0.082547	A
XX
DE	Onecut2_at_iA_diff-ebox
0	0.525180	0.122302	0.352518	0.000000	R
1	0.766187	0.000000	0.233813	0.000000	A
2	0.000000	0.000000	0.000000	1.000000	T
3	0.000000	1.000000	0.000000	0.000000	C
4	0.841727	0.000000	0.100719	0.057554	A
5	1.000000	0.000000	0.000000	0.000000	A
6	0.000000	0.000000	0.000000	1.000000	T
7	0.338129	0.118705	0.330935	0.212230	N
XX
DE	Onecut2_at_iN_diff-ebox
0	0.515337	0.051125	0.400818	0.032720	R
1	0.719836	0.028630	0.179959	0.071575	A
2	0.000000	0.000000	0.000000	1.000000	T
3	0.000000	1.000000	0.000000	0.000000	C
4	0.670757	0.000000	0.300613	0.028630	A
5	0.936605	0.000000	0.000000	0.063395	A
6	0.000000	0.000000	0.000000	1.000000	T
7	0.447853	0.077710	0.269939	0.204499	N
XX
