DE	A_gt_N	
0	0.251656	0.181015	0.293598	0.273731	N
1	0.125828	0.245033	0.432671	0.196468	N
2	0.240618	0.273731	0.278146	0.207506	N
3	0.298013	0.154525	0.359823	0.187638	N
4	0.249448	0.192053	0.448124	0.110375	N
5	0.245033	0.331126	0.302428	0.121413	N
6	0.496689	0.002208	0.317881	0.183223	R
7	0.128035	0.088300	0.781457	0.002208	G
8	0.000000	1.000000	0.000000	0.000000	C
9	1.000000	0.000000	0.000000	0.000000	A
10	0.000000	0.017660	0.982340	0.000000	G
11	0.033113	0.657837	0.309051	0.000000	C
12	0.022075	0.000000	0.000000	0.977925	T
13	0.000000	0.000000	1.000000	0.000000	G
XX
DE	Brn2_iA	
0	0.089404	0.596026	0.122517	0.192053	N
1	0.122517	0.112583	0.056291	0.708609	T
2	0.036424	0.860927	0.043046	0.059603	C
3	0.976821	0.000000	0.009934	0.013245	A
4	0.000000	0.000000	0.000000	1.000000	T
5	0.096026	0.029801	0.867550	0.006623	G
6	0.645695	0.347682	0.000000	0.006623	A
7	0.993377	0.006623	0.000000	0.000000	A
8	0.003311	0.000000	0.003311	0.993377	T
9	0.880795	0.000000	0.019868	0.099338	A
10	0.357616	0.000000	0.000000	0.642384	T
11	0.039735	0.013245	0.245033	0.701987	T
12	0.039735	0.493377	0.208609	0.258278	N
13	0.655629	0.307947	0.023179	0.013245	A
14	0.430464	0.003311	0.066225	0.500000	W
XX
DE	Brn2_iN	
0	0.191740	0.268437	0.274336	0.265487	N
1	0.259587	0.253687	0.227139	0.259587	N
2	0.353982	0.176991	0.271386	0.197640	N
3	0.233038	0.274336	0.306785	0.185841	N
4	0.097345	0.610619	0.103245	0.188791	C
5	0.088496	0.091445	0.070796	0.749263	T
6	0.058997	0.805310	0.041298	0.094395	C
7	0.985251	0.000000	0.014749	0.000000	A
8	0.000000	0.000000	0.000000	1.000000	T
9	0.100295	0.011799	0.882006	0.005900	G
10	0.663717	0.303835	0.000000	0.032448	A
11	0.976401	0.002950	0.000000	0.020649	A
12	0.011799	0.000000	0.000000	0.988201	T
13	0.923304	0.000000	0.005900	0.070796	A
14	0.300885	0.000000	0.000000	0.699115	T
15	0.038348	0.000000	0.274336	0.687316	T
16	0.020649	0.536873	0.203540	0.238938	N
17	0.702065	0.259587	0.023599	0.014749	A
18	0.374631	0.005900	0.053097	0.566372	W
19	0.206490	0.064897	0.374631	0.353982	N
XX
DE	Ebf2_iA
0	0.049563	0.215743	0.411079	0.323615	N
1	0.067055	0.309038	0.072886	0.551020	Y
2	0.000000	0.997085	0.000000	0.002915	C
3	0.017493	0.804665	0.000000	0.177843	C
4	0.008746	0.860058	0.000000	0.131195	C
5	0.099125	0.629738	0.075802	0.195335	C
6	0.524781	0.017493	0.011662	0.446064	W
7	0.014577	0.000000	0.979592	0.005831	G
8	0.125364	0.000000	0.851312	0.023324	G
9	0.000000	0.017493	0.982507	0.000000	G
10	0.708455	0.040816	0.192420	0.058309	A
XX
DE	Ebf2_iN
0	0.067278	0.256881	0.351682	0.324159	N
1	0.085627	0.207951	0.094801	0.611621	T
2	0.000000	1.000000	0.000000	0.000000	C
3	0.061162	0.727829	0.000000	0.211009	C
4	0.000000	0.954128	0.000000	0.045872	C
5	0.321101	0.030581	0.000000	0.648318	T
6	0.110092	0.079511	0.614679	0.195719	G
7	0.085627	0.000000	0.865443	0.048930	G
8	0.159021	0.000000	0.825688	0.015291	G
9	0.000000	0.021407	0.978593	0.000000	G
10	0.715596	0.021407	0.186544	0.076453	A
XX
DE	N_gt_A
0	0.255875	0.203655	0.425587	0.114883	N
1	0.242820	0.206266	0.289817	0.261097	N
2	0.412533	0.099217	0.428198	0.060052	R
3	0.441253	0.154047	0.391645	0.013055	R
4	0.000000	1.000000	0.000000	0.000000	C
5	1.000000	0.000000	0.000000	0.000000	A
6	0.000000	0.000000	0.916449	0.083551	G
7	0.720627	0.250653	0.028721	0.000000	A
8	0.146214	0.015666	0.000000	0.838120	T
9	0.000000	0.000000	0.984334	0.015666	G
10	0.000000	0.107050	0.796345	0.096606	G
XX
DE	N_shared_A
0	0.187204	0.609005	0.177725	0.026066	C
1	0.000000	1.000000	0.000000	0.000000	C
2	0.936019	0.000000	0.000000	0.063981	A
3	0.000000	0.080569	0.507109	0.412322	K
4	0.054502	0.945498	0.000000	0.000000	C
5	0.000000	0.000000	0.000000	1.000000	T
6	0.000000	0.000000	1.000000	0.000000	G
7	0.000000	0.573460	0.135071	0.291469	Y
8	0.026066	0.395735	0.035545	0.542654	Y
9	0.201422	0.300948	0.253555	0.244076	N
10	0.109005	0.459716	0.206161	0.225118	N
XX
DE	Onecut2_iA
0	0.045356	0.153348	0.133909	0.667387	T
1	1.000000	0.000000	0.000000	0.000000	A
2	0.000000	0.000000	0.000000	1.000000	T
3	0.000000	0.136069	0.000000	0.863931	T
4	0.000000	0.000000	1.000000	0.000000	G
5	1.000000	0.000000	0.000000	0.000000	A
6	0.000000	0.021598	0.000000	0.978402	T
7	0.000000	0.274298	0.004320	0.721382	T
8	0.107991	0.155508	0.231102	0.505400	N
9	0.259179	0.177106	0.174946	0.388769	N
10	0.099352	0.265659	0.114471	0.520518	N
XX
DE	Onecut2_iN
0	0.438596	0.208333	0.135965	0.217105	N
1	0.190789	0.153509	0.177632	0.478070	N
2	0.142544	0.162281	0.199561	0.495614	N
3	0.043860	0.118421	0.225877	0.611842	T
4	1.000000	0.000000	0.000000	0.000000	A
5	0.000000	0.000000	0.000000	1.000000	T
6	0.000000	0.094298	0.000000	0.905702	T
7	0.002193	0.000000	0.997807	0.000000	G
8	0.993421	0.006579	0.000000	0.000000	A
9	0.000000	0.039474	0.000000	0.960526	T
10	0.000000	0.223684	0.010965	0.765351	T
11	0.164474	0.129386	0.337719	0.368421	N
12	0.375000	0.146930	0.173246	0.304825	N
13	0.100877	0.234649	0.114035	0.550439	N
14	0.129386	0.182018	0.118421	0.570175	N
15	0.149123	0.164474	0.414474	0.271930	N
16	0.440789	0.157895	0.166667	0.234649	N
17	0.208333	0.140351	0.149123	0.502193	N
18	0.203947	0.160088	0.188596	0.447368	N
19	0.206140	0.151316	0.399123	0.243421	N
XX
